#front#
Pectoraux
428,898257589065;188,718662952646
562,73683153906;183,49582172702
612,926296770308;280,988857938719
389,164930947661;286,211699164345
Bras
376,617564639849;247,910863509749
108,94041673986;375
88,0281395601731;366,295264623955
301,333366792977;240,947075208914
Bras
612,926296770308;244,428969359332
679,845583745305;232,242339832869
878,512216952328;350,626740947075
838,778890310924;361,072423398329
Epaules
311,78950538282;232,242339832869
341,066693434382;188,718662952646
426,807029871097;183,49582172702
378,708792357817;249,651810584958
Epaules
577,375425564841;186,977715877437
644,294712539838;183,49582172702
694,484177771086;232,242339832869
610,835069052339;247,910863509749
Abdominaux
403,803524973441;296,657381615599
589,922791872653;296,657381615599
589,922791872653;449,860724233983
414,259663563285;453,342618384401
Quadriceps
395,438614101567;453,342618384401
476,996495102345;510,793871866295
445,628079332815;677,924791086351
380,800020075786;677,924791086351
Quadriceps
518,821049461718;517,757660167131
598,287702744527;463,788300835655
619,199979924214;665,738161559889
556,463148385154;676,183844011142
Mollets
372,435109203912;731,894150417827
424,715802153128;744,08077994429
412,168435845316;850,278551532033
370,343881485943;845,055710306407
Mollets
573,192970128903;751,044568245125
629,656118514057;740,598885793872
629,656118514057;829,387186629526
585,740336436715;839,83286908078
#back#
Dos
405,89475269141;173,050139275766
407,985980409379;413,300835654596
587,831564154684;411,559888579387
581,557881000778;171,309192200557
Bras
301,333366792977;239,206128133705
374,52633692188;247,910863509749
142,400060227358;368,036211699164
117,305327611734;350,626740947075
Bras
625,47366307812;253,133704735376
686,119266899211;230,50139275766
876,42098923436;345,403899721448
845,05257346483;361,072423398329
Epaules
303,424594510946;228,760445682451
410,077208127347;216,573816155989
401,712297255473;169,568245125348
338,975465716413;185,236768802228
Epaules
596,196475026559;173,050139275766
585,740336436715;237,465181058496
631,747346232026;253,133704735376
690,301722335149;220,055710306407
Ischios
368,252653767974;545,612813370474
487,452633692188;543,871866295265
430,989485307034;723,189415041783
382,891247793755;712,743732590529
Ischios
510,456138589843;533,426183844011
621,291207642183;540,389972144847
619,199979924214;711,00278551532
562,73683153906;714,484679665738
Mollets
370,343881485943;731,894150417827
426,807029871097;733,635097493036
412,168435845316;860,724233983287
361,978970614068;853,760445682451
Mollets
571,101742410935;738,857938718663
623,382435360151;728,412256267409
638,021029385932;845,055710306407
581,557881000778;846,796657381616
#left#
Pectoraux
447,719307050783;207,869080779944
470,722811948439;223,537604456825
472,814039666407;280,988857938719
410,077208127347;287,952646239554
Bras
495,817544564063;228,760445682451
575,284197846872;225,278551532033
495,817544564063;348,885793871866
460,266673358595;348,885793871866
Bras
491,635089128125;221,796657381616
566,919286974997;225,278551532033
523,003504897655;340,181058495822
470,722811948439;341,922005571031
Epaules
493,726316846094;227,019498607242
474,905267384376;186,977715877437
550,189465231248;166,08635097493
569,010514692966;221,796657381616
Epaules
495,817544564063;225,278551532033
468,63158423047;192,200557103064
520,912277179687;164,345403899721
571,101742410935;214,83286908078
Abdominaux
414,259663563285;293,175487465181
472,814039666407;284,470752089137
435,171940742971;359,33147632312
414,259663563285;371,518105849582
Quadriceps
435,171940742971;510,793871866295
504,182455435937;533,426183844011
529,277188051561;723,189415041783
487,452633692188;733,635097493036
Quadriceps
428,898257589065;535,16713091922
510,456138589843;522,980501392758
518,821049461718;712,743732590529
481,178950538282;717,966573816156
Ischios
504,182455435937;531,685236768802
525,094732615624;712,743732590529
562,73683153906;714,484679665738
550,189465231248;535,16713091922
Ischios
495,817544564063;533,426183844011
510,456138589843;705,779944289694
554,371920667185;709,261838440111
552,280692949217;536,908077994429
Mollets
527,185960333593;721,448467966574
537,642098923436;897,284122562674
573,192970128903;890,320334261838
556,463148385154;723,189415041783
Mollets
527,185960333593;726,671309192201
562,73683153906;853,760445682451
600,378930462496;813,718662952646
558,554376103123;704,038997214485
#right#
Pectoraux
543,915782077342;206,128133704735
523,003504897655;277,506963788301
581,557881000778;298,398328690808
577,375425564841;239,206128133705
Bras
420,533346717191;218,314763231198
500;227,019498607242
550,189465231248;354,108635097493
518,821049461718;352,367688022284
Bras
426,807029871097;225,278551532033
506,273683153906;228,760445682451
537,642098923436;334,958217270195
472,814039666407;329,735376044568
Epaules
426,807029871097;216,573816155989
433,080713025003;178,272980501393
520,912277179687;183,49582172702
504,182455435937;247,910863509749
Epaules
433,080713025003;223,537604456825
456,084217922658;169,568245125348
506,273683153906;174,791086350975
506,273683153906;240,947075208914
Abdominaux
514,638594025781;284,470752089137
583,649108718747;275,766016713092
579,466653282809;366,295264623955
535,550871205467;317,548746518106
Quadriceps
514,638594025781;528,203342618384
470,722811948439;717,966573816156
520,912277179687;704,038997214485
569,010514692966;507,311977715877
Quadriceps
510,456138589843;531,685236768802
487,452633692188;688,370473537605
546,007009795311;677,924791086351
575,284197846872;547,353760445682
Ischios
504,182455435937;540,389972144847
447,719307050783;547,353760445682
476,996495102345;702,298050139276
508,364910871875;535,16713091922
Ischios
447,719307050783;543,871866295265
453,992990204689;679,66573816156
479,087722820313;695,33426183844
502,091227717969;542,130919220056
Mollets
433,080713025003;724,930362116992
474,905267384376;726,671309192201
464,449128794533;857,242339832869
420,533346717191;860,724233983287
Mollets
399,621069537504;787,604456824513
433,080713025003;726,671309192201
481,178950538282;775,41782729805
416,350891281253;872,910863509749